160
2 276 364
2 252 286
2 409 113
2 391 431
2 101 151
2 11 163
2 277 360
2 201 233
2 181 351
2 399 8
2 439 18
2 240 433
2 438 180
2 427 447
2 475 499
2 315 333
2 162 375
2 310 324
2 419 432
2 149 422
2 473 86
2 89 214
2 322 369
2 158 166
2 441 330
2 379 384
2 420 423
2 482 52
2 442 444
2 73 326
2 306 448
2 454 299
2 12 236
2 261 376
2 292 311
2 256 298
2 258 271
2 484 212
2 459 70
2 147 213
3 437 23 65
3 13 60 392
3 208 249 225
3 294 397 400
3 19 29 61
3 267 450 494
3 1 2 156
3 304 345 71
3 268 336 199
3 189 242 301
3 203 141 155
3 54 186 217
3 467 254 328
3 486 7 21
3 24 264 455
3 175 421 72
3 0 187 188
3 425 446 34
3 139 302 362
3 3 5 15
3 429 453 472
3 492 64 26
3 10 221 385
3 497 403 121
3 387 434 28
3 378 192 230
3 91 283 288
3 234 358 414
3 129 269 90
3 237 280 285
3 337 352 371
3 219 319 48
3 348 367 424
3 144 195 226
3 279 410 462
3 443 451 111
3 460 307 339
3 193 196 197
3 31 107 109
3 334 350 430
3 452 463 22
3 182 407 38
3 235 405 474
3 177 373 412
3 117 394 36
3 273 396 210
3 108 120 170
3 55 92 112
3 154 165 300
3 123 449 66
3 329 47 190
3 388 244 332
3 14 17 33
3 35 93 97
3 231 266 495
3 411 40 76
3 278 263 320
3 6 99 105
3 445 498 20
3 341 356 372
4 82 122 127 222
4 262 314 323 335
4 349 398 413 440
4 457 485 173 202
4 145 179 216 220
4 100 119 132 152
4 383 418 428 469
4 205 246 255 287
4 247 251 401 490
4 357 370 488 94
4 103 110 146 224
4 380 402 436 464
4 104 114 148 172
4 57 87 143 168
4 43 53 58 75
4 98 125 137 206
4 313 316 340 355
4 178 184 253 293
4 303 317 318 338
4 259 289 124 164
4 347 218 50 200
4 174 325 153 160
4 135 161 183 228
4 368 408 415 417
4 209 211 291 296
4 496 30 49 133
4 239 243 290 321
4 4 39 77 85
4 344 346 354 389
4 245 44 45 46
4 68 83 84 96
4 478 487 491 37
4 309 312 342 381
4 27 59 81 204
4 241 265 297 305
4 481 493 51 63
4 295 16 128 138
4 150 171 191 194
4 353 359 365 377
4 232 270 275 281
4 406 435 456 483
4 229 250 272 327
4 80 116 274 282
4 390 78 95 106
4 223 227 248 366
4 69 79 115 185
4 198 363 395 159
4 343 374 465 470
4 416 471 9 42
4 140 142 157 167
4 176 215 260 331
4 479 480 136 25
4 382 426 458 477
4 476 169 238 257
4 489 74 102 134
4 468 32 41 56
4 466 62 67 88
4 118 126 130 131
4 207 284 361 461
4 308 386 393 404
