1628
2 1227 1649
2 890 1499
2 3431 3641
2 406 605
2 7651 7835
2 1960 3929
2 1431 2980
2 1424 2373
2 1377 1849
2 5824 6223
2 5067 5727
2 25 313
2 8399 8966
2 9207 111
2 1622 1835
2 7180 7306
2 2239 2268
2 4156 4177
2 85 192
2 4048 4456
2 3353 3366
2 5018 6120
2 7402 7438
2 6263 6586
2 831 921
2 268 444
2 8424 8698
2 3146 3199
2 1923 1967
2 939 2343
2 9861 76
2 2535 2733
2 4283 4394
2 2207 2552
2 6252 6270
2 5108 5350
2 8171 9584
2 676 700
2 1095 1184
2 1218 2485
2 2476 3497
2 1049 1116
2 8309 9211
2 5340 5821
2 666 669
2 4705 6737
2 1470 1765
2 7853 9259
2 6400 6945
2 3204 3399
2 7561 8195
2 4498 4720
2 589 1226
2 324 349
2 7766 8662
2 629 2235
2 5113 6021
2 772 1297
2 5493 7080
2 7951 9350
2 2237 2959
2 5611 7270
2 3030 3075
2 2432 2587
2 1639 1939
2 1100 1892
2 4333 4765
2 4249 4962
2 895 1598
2 9772 579
2 544 1435
2 7408 7812
2 2081 2509
2 6350 6663
2 3670 6480
2 9763 9950
2 1807 2059
2 201 740
2 28 627
2 9096 9241
2 6754 7026
2 9342 9687
2 1260 1299
2 3293 3332
2 1135 1201
2 5070 8561
2 3018 3530
2 1216 2105
2 8899 9323
2 8142 8248
2 8185 9294
2 4435 5463
2 4919 5478
2 5514 6870
2 7603 9236
2 611 654
2 8087 9020
2 2328 2705
2 291 769
2 789 1315
2 7623 9459
2 2881 3337
2 6527 6809
2 2205 3367
2 6385 7443
2 6924 7022
2 7613 9557
2 5359 5642
2 50 423
2 771 2386
2 6258 7814
2 893 1410
2 4740 5100
2 7730 9138
2 6897 7479
2 5252 6050
2 3536 4116
2 4091 5014
2 5599 5884
2 6561 7042
2 6403 8163
2 4826 5015
2 1090 1141
2 441 1452
2 7275 7453
2 2372 4108
2 9810 8
2 6631 6763
2 9276 179
2 2891 2925
2 86 227
2 1462 1652
2 9789 2193
2 5739 6110
2 828 1552
2 3639 5268
2 2467 2503
2 1415 1495
2 716 833
2 3684 5005
2 4323 5663
2 7990 9001
2 958 1107
2 1840 1881
2 8085 8205
2 3573 4046
2 8001 8757
2 6058 6334
2 5176 5287
2 62 361
2 412 604
2 5848 6180
2 7344 7770
2 686 1461
2 3557 3912
2 1650 2954
2 9624 403
2 8960 9205
2 5333 5546
2 1015 1594
2 156 928
2 1909 1958
2 9677 372
2 1091 1937
2 866 1326
2 7655 7668
2 6470 7716
2 3037 3324
2 7085 7298
2 4483 4886
2 4399 6078
2 5982 6134
2 6919 7251
2 1339 1361
2 4802 5122
2 7111 8348
2 9143 9671
2 1607 1762
2 4523 6372
2 4141 4441
2 6423 7019
2 2137 2311
2 1706 4149
2 9554 467
2 9084 9485
2 1032 1754
2 191 415
2 1496 1503
2 6582 6613
2 2407 2484
2 2125 2210
2 5237 6229
2 2072 2203
2 3671 3901
2 4277 4477
2 141 210
2 586 642
2 7178 7249
2 9393 618
2 2474 2611
2 7514 8860
2 2056 3017
2 3501 6045
2 4843 5007
2 4620 4937
2 6785 6996
2 6361 7172
2 2969 3237
2 1612 1836
2 3102 3775
2 2771 3331
2 811 1778
2 170 189
2 3208 4965
2 9933 53
2 121 151
2 5456 5504
2 6920 7421
2 4416 4766
2 6958 7017
2 7741 8367
2 757 1202
2 4534 5399
2 9755 142
2 4653 5097
2 4614 5135
2 801 2068
2 378 451
2 1965 2523
2 2198 2899
2 435 2422
2 9720 396
2 4173 4232
2 2799 3396
2 3409 4517
2 452 1147
2 2106 3019
2 6142 6485
2 8053 8828
2 8901 8946
2 6195 8453
2 6577 7256
2 8106 8349
2 6213 6946
2 2344 2498
2 3085 4505
2 1179 2159
2 1685 1928
2 2353 2457
2 8463 8615
2 6049 6846
2 3265 3446
2 9284 18
2 507 530
2 5188 5284
2 5751 5973
2 8493 9673
2 161 171
2 221 229
2 2376 3449
2 7314 7478
2 7258 7965
2 6260 6341
2 1996 2113
2 8944 9098
2 3091 4839
2 4038 4148
2 5038 8725
2 4675 5786
2 2746 2918
2 2252 2633
2 2380 3107
2 9177 9904
2 970 1029
2 2102 2264
2 1483 1899
2 3416 3472
2 1256 1301
2 6745 7527
2 974 2011
2 7007 7327
2 1374 3212
2 6089 301
2 316 767
2 9188 9427
2 4219 5516
2 725 1886
2 8780 164
2 319 1433
2 3203 3517
2 2444 2551
2 7345 8495
2 2564 3087
2 8391 9319
2 3425 3780
2 582 643
2 4496 4865
2 4630 4882
2 6175 6371
2 1021 1137
2 2802 2976
2 1120 1888
2 1538 2985
2 6803 7805
2 4846 5196
2 1732 2329
2 6649 6711
2 3247 4163
2 1181 1620
2 1655 1693
2 1366 3090
2 6682 7057
2 8747 9301
2 2741 3227
2 2441 3810
2 2765 3502
2 6074 6332
2 341 649
2 355 425
2 2681 2997
2 9941 312
2 3591 3968
2 1551 3171
2 6143 7247
2 9008 23
2 120 675
2 2750 2929
2 8103 9258
2 909 1022
2 9800 6
2 9324 9591
2 9854 260
2 2029 2060
2 9233 9254
2 3391 4231
2 465 553
2 979 1469
2 231 498
2 982 1284
2 2431 2841
2 6105 6743
2 2657 2873
2 5379 9261
2 8992 850
2 9399 9506
2 6747 7795
2 1406 2461
2 2634 2702
2 101 577
2 3240 3290
2 6027 6119
2 1665 1974
2 6253 6520
2 9137 9825
2 4674 7380
2 8937 1330
2 1626 2191
2 4621 4737
2 1786 2517
2 6551 7068
2 3058 3343
2 3438 4577
2 8720 9364
2 2497 4958
2 2628 3115
2 6035 6075
2 2540 2694
2 3427 4789
2 6698 7349
2 4647 4682
2 815 1198
2 5496 7125
2 6256 6411
2 8729 185
2 9749 41
2 3111 3121
2 5952 6468
2 2384 2862
2 8032 8955
2 8600 8904
2 9426 9465
2 533 988
2 9701 9991
2 2309 2809
2 6443 6868
2 3539 5537
2 7055 7600
2 7334 9348
2 8646 9468
2 4444 6307
2 1311 1850
2 9876 103
2 8687 9693
2 489 499
2 3633 4422
2 162 2249
2 2352 2836
2 1609 2130
2 926 1796
2 8831 9187
2 5325 5375
2 2227 2451
2 8886 9101
2 7598 9502
2 446 1283
2 6149 7339
2 8383 8657
2 7321 7342
2 1700 2083
2 6124 11
2 2586 3662
2 6097 6474
2 6085 6132
2 2790 3023
2 3467 3748
2 6493 8541
2 2911 3783
2 7802 9280
2 2022 3178
2 8232 8554
2 3623 5593
2 1789 1858
2 9936 1587
2 9146 9336
2 1190 1444
2 4623 5133
2 9792 117
2 8875 9086
2 1205 2016
2 733 1057
2 9628 315
2 2107 2184
2 8408 8534
2 9182 9658
2 2065 2121
2 1638 1931
2 6323 6810
2 712 1183
2 6688 753
2 2006 2406
2 2983 3158
2 9023 9045
2 3401 3596
2 837 867
2 2785 3768
2 7682 9814
2 8528 9204
2 7467 9039
2 392 635
2 1716 1872
2 9371 58
2 7899 8186
2 4216 4709
2 335 395
2 6064 7675
2 859 1162
2 8221 9764
2 2572 2669
2 1332 1614
2 4746 5672
2 379 462
2 8273 8605
2 5955 6314
2 8133 8889
2 6018 7917
2 248 1963
2 8694 8862
2 3909 4554
2 481 566
2 949 1253
2 238 887
2 6352 6674
2 2660 2763
2 4731 4950
2 3906 4240
2 644 842
2 7200 7968
2 1266 1316
2 3369 4202
2 1058 1270
2 1664 1989
2 7442 8347
2 9560 9592
2 5132 5483
2 4182 5212
2 6356 6482
2 4026 4434
2 4535 4819
2 1882 2190
2 6024 7864
2 2326 2381
2 525 602
2 3561 3672
2 3911 4381
2 1237 1454
2 2639 2882
2 1030 2817
2 1983 2575
2 8599 9652
2 2164 2333
2 1400 1699
2 3426 3852
2 2803 2858
2 1971 3147
3 6533 84 784
3 993 2420 3159
3 6293 6869 8451
3 5088 6429 6618
3 4811 5169 5491
3 3683 4061 4667
3 4938 5388 5545
3 5095 5698 5867
3 1738 1919 2013
3 5595 6689 829
3 1964 2659 2913
3 7690 8744 9643
3 8945 9558 69
3 573 1815 2110
3 2701 3365 3580
3 7590 8394 8819
3 1823 3586 4313
3 2614 3489 5022
3 9082 1 269
3 9717 108 478
3 4967 6952 7264
3 6216 7265 7511
3 7370 9333 9733
3 2907 4095 4239
3 6999 7393 7458
3 305 365 450
3 2978 4300 4455
3 2518 2592 3645
3 2680 4571 5432
3 3722 3934 3993
3 1133 1579 1868
3 6779 6896 9934
3 1608 2348 2715
3 8688 8858 9661
3 9892 884 931
3 1880 2175 3046
3 990 1903 2035
3 4770 8127 8813
3 951 2001 2192
3 2661 4256 4835
3 7829 8419 9415
3 8291 149 242
3 3434 6892 7124
3 7005 8355 8774
3 9728 14 1036
3 5539 5617 5914
3 5224 7350 7389
3 8629 8867 9627
3 9107 9171 9438
3 2396 2439 3233
3 7737 7989 8158
3 2580 4778 5802
3 3995 5356 5376
3 542 883 1083
3 2970 3179 3494
3 2280 2379 3928
3 5588 6041 8034
3 2363 2919 3286
3 6114 6438 8661
3 4146 5640 5659
3 3291 4782 4954
3 4083 4817 7401
3 5409 5495 6187
3 8933 8942 9090
3 2393 2533 3307
3 5145 5274 6455
3 2794 4547 5874
3 3471 4278 5497
3 4628 7382 8224
3 4205 6003 6031
3 5396 6029 6591
3 6277 6374 7550
3 8269 8455 8868
3 3796 6014 6262
3 608 1113 1513
3 3638 4694 5125
3 3500 4012 5717
3 9043 9681 21
3 4154 4209 5938
3 1076 1473 1805
3 7185 7979 8335
3 5581 6094 6535
3 795 1139 1220
3 4495 4521 4736
3 6622 7279 7486
3 5267 6379 7760
3 9596 294 400
3 7639 7987 8154
3 9231 9926 87
3 1929 2285 2316
3 2298 4767 5392
3 1063 1085 1847
3 118 140 653
3 6286 8883 8921
3 299 2218 2292
3 2906 3164 3474
3 472 697 794
3 1278 2015 2038
3 3612 4191 4772
3 2356 2377 2629
3 1696 1846 2173
3 8581 130 419
3 1542 2447 2490
3 1296 1443 2279
3 1352 2724 3867
3 209 997 1661
3 159 200 310
3 475 1128 1345
3 6692 7399 8202
3 6151 6345 6734
3 3210 4936 5110
3 615 728 1295
3 8118 8412 9803
3 5027 5338 5922
3 6644 6819 7179
3 5464 6225 7271
3 1907 2757 3007
3 3996 5384 6057
3 7873 9903 94
3 8067 9469 9536
3 271 326 448
3 6055 6113 7106
3 1599 3398 4762
3 581 957 1046
3 8917 411 1238
3 6065 7776 9384
3 3919 4503 5123
3 6806 7523 7649
3 8113 8306 8552
3 2792 4896 5180
3 9872 832 888
3 9027 9172 304
3 6401 6948 7159
3 5748 5809 5912
3 5249 7300 8227
3 6462 174 306
3 2902 3988 4756
3 4377 5674 6598
3 1525 2630 3256
3 2889 3916 4120
3 7171 7366 9181
3 2202 2963 2966
3 382 1142 1633
3 1318 2161 2170
3 741 1328 1474
3 4976 6904 8155
3 5550 5720 5797
3 2805 4868 5091
3 3635 4810 5138
3 5942 5997 6062
3 1170 2201 2269
3 5407 7131 7341
3 5894 6643 6687
3 5644 6797 7454
3 4042 5255 5525
3 8245 8549 449
3 8762 252 342
3 8961 9178 311
3 9448 9457 986
3 5393 6173 6458
3 2464 2813 3217
3 947 1304 3300
3 8062 8341 8547
3 1281 2418 3680
3 2541 3804 4214
3 7517 8241 9270
3 8104 8647 9118
3 3478 4531 4752
3 3729 4370 5868
3 5685 6122 7782
3 3803 4225 4639
3 3873 4781 5589
3 9007 16 55
3 5443 6767 7134
3 8669 8838 9815
3 7183 7235 7797
3 6716 7181 8588
3 3470 3714 3772
3 230 267 911
3 1157 1602 1954
3 3201 4077 4311
3 4210 5792 5985
3 7398 8676 9298
3 7052 9314 9512
3 4944 5956 6392
3 6975 7343 515
3 6427 6930 7136
3 5225 5586 5992
3 9155 193 249
3 57 143 555
3 6007 6548 8278
3 5754 7246 7753
3 2706 3712 4609
3 5337 5438 5889
3 7353 8958 9349
3 1384 1413 2003
3 9099 347 567
3 899 1059 1105
3 4294 5638 5800
3 2051 3041 3534
3 6101 6539 74
3 4876 9505 862
3 4978 5892 5979
3 6082 6854 7097
3 8634 657 734
3 9969 1000 1658
3 9385 106 131
3 2416 3191 3225
3 4931 6918 7996
3 863 1873 2710
3 5782 6191 6421
3 8611 9712 9919
3 243 1286 1478
3 9674 9837 9862
3 9513 9565 9639
3 3454 5703 5856
3 1166 1191 2479
3 6749 7177 8149
3 3907 5454 6457
3 1187 1319 2693
3 4794 6693 6707
3 8270 9175 9291
3 502 1615 1848
3 6249 6804 7858
3 8458 9268 77
3 323 510 575
3 6690 6940 7015
3 4845 5306 5943
3 95 1703 1744
3 9408 9563 19
3 5076 5126 5678
3 4122 4584 4761
3 4242 5039 5321
3 2691 3763 3832
3 83 404 417
3 8236 8739 8882
3 5726 7122 7205
3 7373 8389 9387
3 2739 3560 3658
3 2574 3169 3186
3 851 1511 2146
3 5247 8503 9840
3 2826 5307 6156
3 2010 2301 2324
3 5978 6453 9139
3 1119 1211 3938
3 959 960 1376
3 4602 5568 6798
3 1219 1852 2076
3 6825 9473 9750
3 3707 5532 5715
3 356 557 781
3 8180 8818 9330
3 7901 8011 8068
3 4464 5029 5420
3 3405 4334 4344
3 8792 9657 81
3 3246 4581 4591
3 4047 4672 4728
3 3847 5256 5993
3 7355 8292 8370
3 7948 8130 9251
3 5688 5725 6416
3 3299 3313 3717
3 8072 303 527
3 2047 2179 2180
3 3953 4169 5184
3 4082 4157 4652
3 8474 325 364
3 5200 8008 8380
3 2408 4354 4567
3 5327 7199 7780
3 3175 3205 3220
3 5419 6992 7154
3 2154 4023 4570
3 5484 6617 6837
3 1517 1596 1597
3 1557 1995 1999
3 5439 6977 7400
3 3503 4821 5373
3 8422 4 32
3 5215 5404 7075
3 5472 5733 7150
3 5607 5760 5990
3 8206 9285 9436
3 6393 8181 9218
3 3801 4034 4718
3 4813 5498 6414
3 7982 8219 8505
3 917 1951 2133
3 2108 5473 5564
3 6268 7746 9066
3 5969 6166 6390
3 3937 4393 4716
3 6781 7887 8159
3 182 274 561
3 277 2126 2698
3 4844 5150 7224
3 9646 9727 1442
3 0 219 904
3 1686 1829 3871
3 3110 5436 5932
3 5608 6235 6717
3 2888 4098 4710
3 8145 8254 8288
3 1335 2847 2921
3 7500 7967 8228
3 8566 9867 43
3 196 1006 2042
3 5576 5806 6338
3 8708 9369 9786
3 8461 9281 9392
3 8030 8223 8360
3 6791 8261 8595
3 2506 2514 2556
3 4014 4059 4075
3 3624 3685 3838
3 751 823 1275
3 9087 9352 9669
3 7030 184 719
3 6489 7112 7174
3 3710 4316 4443
3 4597 4866 6456
3 1582 2349 3069
3 1924 1944 2433
3 4840 5722 5768
3 1134 1333 2411
3 4263 6564 6565
3 6179 8836 9055
3 1263 3532 3823
3 2002 2270 3653
3 7910 113 764
3 3753 4195 4445
3 3863 4662 5065
3 6310 7794 8038
3 2866 3851 4661
3 798 2900 3364
3 2057 2357 2417
3 3255 3395 5002
3 329 1080 1606
3 5111 5272 5591
3 5034 5880 6972
3 6484 7808 8213
3 3522 3523 3646
3 2623 3059 4512
3 228 1583 1702
3 5691 6536 6959
3 8076 8290 9097
3 658 942 1389
3 203 623 1132
3 2019 2543 2797
3 5524 7714 80
3 5450 6355 6610
3 4526 5660 5675
3 3193 5302 6420
3 6728 7016 7311
3 4127 4288 4460
3 5543 6939 7192
3 7852 7916 8013
3 5317 5601 5655
3 8805 129 556
3 1438 1697 4071
3 1192 1494 2480
3 2948 5838 6019
3 964 1918 2143
3 612 671 1070
3 5365 7051 9360
3 486 1254 1289
3 56 263 418
3 9358 9642 258
3 4575 4616 4832
3 3238 7001 7049
3 6056 6647 9343
3 138 353 399
3 9076 531 570
3 4053 5798 7999
3 2591 3016 3370
3 6432 7580 7681
3 8513 9264 819
3 1578 2370 2867
3 2663 2834 3314
3 7593 9994 68
3 9309 9963 322
3 1663 1745 1758
3 7541 8717 8820
3 394 715 766
3 1897 2294 3476
3 8743 88 424
3 1559 2631 3634
3 8807 8935 8979
3 6209 9735 115
3 9479 186 318
3 8565 9120 9184
3 8893 9723 9788
3 1124 1447 1766
3 578 968 1161
3 2901 4974 5227
3 6871 7599 7739
3 2468 3898 4379
3 2365 3817 4343
3 2740 3165 3402
3 2890 3008 3157
3 3785 4217 4963
3 447 1917 2426
3 9357 668 809
3 509 610 885
3 1103 2521 2955
3 5194 5661 7245
3 4492 5084 5893
3 8390 8525 8556
3 8283 8400 8496
3 6706 6815 8521
3 6073 6096 6337
3 4806 5444 6230
3 1977 2946 3138
3 6247 7392 9115
3 4466 4966 5296
3 4419 5788 7072
3 5509 6875 6905
3 549 1074 1605
3 1258 3687 3761
3 7089 7227 7608
3 822 1687 1780
3 4629 5289 5298
3 5458 7025 7686
3 1402 3192 3549
3 6603 7840 8504
3 5218 7576 7898
3 1060 1153 1536
3 2204 3774 7162
3 4326 6106 6154
3 5632 6967 7414
3 2375 3144 4126
3 9912 220 308
3 9593 652 940
3 765 2044 4556
3 4932 6968 8542
3 3495 4763 5129
3 2864 4409 4830
3 4929 5223 5690
3 4346 5281 5693
3 2603 4533 5561
3 1972 4018 4930
3 1084 1206 1532
3 158 482 521
3 2987 3270 5603
3 1832 3025 4715
3 1902 1911 2026
3 8112 892 918
3 3006 3414 3894
3 6290 7771 8251
3 7885 7992 9960
3 4642 5148 5311
3 1082 3464 3893
3 2172 2695 2885
3 7918 9030 9544
3 2350 3622 3864
3 1777 1834 4258
3 6619 9893 9911
3 7214 7331 225
3 4287 5037 5147
3 6330 6509 7195
3 3917 4729 4973
3 8902 9034 9424
3 3630 4340 5442
3 5830 6835 7611
3 6298 8095 8672
3 7009 428 1854
3 9745 9981 60
3 7498 8020 8735
3 7076 96 137
3 4676 4894 5080
3 9775 321 910
3 261 871 1149
3 7372 7912 8100
3 422 945 1077
3 6542 7128 7147
3 8373 29 235
3 7157 8090 8982
3 5811 8365 8371
3 2211 2744 3221
3 571 777 782
3 9913 776 785
3 937 1405 1544
3 7533 7847 8913
3 5619 5923 6040
3 7926 298 504
3 1575 4429 4515
3 6388 7081 7360
3 5264 6391 7871
3 6751 8007 9017
3 8999 9615 537
3 2569 3168 3172
3 1588 2232 2878
3 1464 1824 1987
3 6907 8912 128
3 6861 7115 7484
3 1501 1572 1619
3 4040 4633 5222
3 8628 8781 9037
3 1018 1188 1337
3 7086 9117 9208
3 972 1277 2073
3 4123 5723 5842
3 2075 2082 3835
3 9273 9811 134
3 3400 4158 4168
3 6765 7002 7585
3 4380 4809 5134
3 4427 5681 5747
3 536 3150 4143
3 7857 8337 8778
3 4115 4461 5073
3 736 846 1288
3 659 1634 1670
3 8543 8927 9005
3 4073 4138 6447
3 2084 2658 3450
3 2530 3602 3769
3 3292 3833 4132
3 2199 2358 4032
3 2077 3213 3259
3 8582 9410 613
3 5582 7283 7394
3 3614 4262 4563
3 5996 6669 6760
3 4486 5781 6801
3 8788 2079 2156
3 1148 1320 2421
3 6487 8746 8812
3 1268 1554 1581
3 4353 4369 4484
3 8364 8568 9377
3 981 984 999
3 9180 9586 255
3 6199 7799 8551
3 2272 2720 3261
3 1982 2291 2577
3 1691 2359 2402
4 7377 505 587 1466
4 9067 3336 5312 8800
4 2719 5381 9300 2223
4 8520 9725 9923 102
4 4970 2896 3418 3452
4 1600 1630 1637 1721
4 8386 8488 8699 4204
4 749 1272 5141 5501
4 2257 2791 7625 8014
4 3071 3148 3180 3319
4 66 3077 3101 3249
4 6382 38 202 768
4 8590 3737 4005 4033
4 2250 5352 1629 1657
4 6025 6059 6117 6140
4 9841 1441 1730 2299
4 7765 5232 5242 5282
4 1855 4909 1089 1175
4 4084 4199 4589 5440
4 9396 9480 9537 9796
4 1674 1408 1434 1528
4 3039 3303 3317 3741
4 3572 3742 4024 4680
4 8357 5 1576 2052
4 6322 3613 3701 3723
4 9391 2539 2737 8091
4 2606 2675 2894 2973
4 5871 5137 5144 5154
4 5305 5434 5490 5605
4 6546 6599 6750 6813
4 8329 8354 8741 9476
4 344 1067 1241 1325
4 6131 6211 6317 6397
4 619 1498 1945 3676
4 496 584 1672 3524
4 2761 8922 8995 9025
4 8260 8327 8343 8402
4 9982 965 2840 3079
4 7039 7144 7552 1566
4 7798 3350 3392 3410
4 7324 7470 7538 7562
4 2981 3122 3140 3143
4 2290 2677 2943 4889
4 4114 6043 6418 6431
4 7137 9739 9758 9766
4 429 588 1014 1247
4 8352 9033 9071 9095
4 2283 3770 4289 4700
4 8905 9461 8799 8888
4 9937 6642 6684 6732
4 9809 125 266 518
4 3009 3861 3881 4065
4 6449 6464 6488 6538
4 4687 5062 5477 6696
4 7775 7787 7952 1864
4 5541 1102 1252 1285
4 8050 8666 8959 9116
4 4342 747 861 927
4 2796 8724 8925 9079
4 8216 479 6071 7285
4 6086 6139 6383 7133
4 5314 8230 1217 4183
4 337 626 1395 2325
4 375 3185 3652 4493
4 857 944 2287 3955
4 4927 3269 4190 4250
4 8674 9049 9077 9191
4 7234 7477 7597 7701
4 397 9924 109 661
4 7056 7084 7225 7232
4 4404 4420 4436 4612
4 9630 2040 2266 2427
4 4085 4145 4166 4178
4 3388 3490 3699 3711
4 2822 3190 3215 3397
4 8489 8723 8802 9053
4 5243 8074 9428 35
4 1448 1893 2638 2832
4 1356 2118 3735 5115
4 8514 9125 155 320
4 1746 8017 8042 8070
4 853 5351 5668 6858
4 9970 2140 2547 3447
4 5221 5618 6236 6503
4 9783 9753 9831 9897
4 996 2383 2429 2450
4 6793 6877 7160 7379
4 3287 7455 7456 8157
4 1225 1715 3886 4744
4 7284 1682 1692 1710
4 907 3989 4552 4824
4 6624 3000 5855 6011
4 7203 7323 7503 7738
4 4281 4296 4332 4338
4 440 655 1776 2111
4 9704 470 524 680
4 9452 4730 5103 5204
4 7291 8492 2609 2989
4 3184 5050 7242 1173
4 2992 3103 3151 3404
4 1813 1997 2018 2255
4 952 1362 4850 5201
4 1042 3874 4087 4324
4 1962 2319 2336 2940
4 7469 7810 551 770
4 2465 2991 3380 3406
4 9847 493 632 4317
4 2618 3282 4853 4903
4 1795 2413 3525 3535
4 6066 8764 490 585
4 7974 8544 8580 8589
4 1560 925 969 989
4 369 377 387 442
4 2851 3128 3556 1548
4 1794 5320 5335 5358
4 8243 8266 8295 8319
4 994 1048 1069 1104
4 1239 1472 6847 6997
4 6949 8469 9130 1550
4 6070 408 535 564
4 222 3597 3598 3660
4 5486 5634 6182 6758
4 905 1392 5502 7188
4 3829 4686 5069 5552
4 9056 9112 9472 9477
4 9780 3130 2014 4543
4 9422 9510 9666 9672
4 2626 2682 2699 2703
4 1577 3288 3800 4264
4 5288 625 721 1126
4 244 3298 3958 4119
4 8048 8054 8279 8416
4 5445 3421 3592 3631
4 3162 3359 3393 3433
4 1053 1109 2513 6532
4 2581 2641 4601 5119
4 1008 2562 3346 4274
4 4275 4536 4749 5202
4 9293 3731 9064 9104
4 4645 4751 4760 4779
4 4838 5623 5911 5927
4 367 580 3448 6281
4 3826 3868 3876 3908
4 3720 3962 4748 5270
4 4576 4921 4968 6221
4 9504 5784 5799 5846
4 6465 6589 6657 6802
4 4873 5431 7429 7437
4 1901 971 1169 1236
4 6608 6909 6970 7113
4 3538 7440 7449 7473
4 713 1428 1844 1926
4 560 2855 4261 9402
4 8841 2471 2559 2615
4 175 4360 7012 7146
4 9132 9147 9310 9351
4 127 1354 1386 2209
4 9808 9949 9979 339
4 6386 7141 2738 2768
4 1274 1343 1360 1748
4 9918 701 1363 1432
4 3056 3197 3198 3387
4 8627 8649 8693 8887
4 2780 2815 2893 3113
4 2844 3245 3459 3732
4 4854 9133 1859 3738
4 8846 7304 7354 7390
4 2355 2742 4585 4776
4 2869 3036 3264 3533
4 5415 6863 6884 6894
4 8719 8769 8848 8852
4 8939 2394 7411 7420
4 1414 4408 5159 6951
4 8690 3232 7913 8016
4 9834 2849 3372 3688
4 6900 7158 7240 7591
4 1251 1573 1603 4241
4 6816 503 1722 1802
4 9113 9288 9317 9509
4 5390 3589 3604 3709
4 3032 9708 1245 1772
4 8993 9454 663 2369
4 2505 2510 2729 4899
4 8790 808 4113 5353
4 2446 233 340 351
4 1481 2868 3048 4463
4 4947 4999 5071 5283
4 4349 4396 4431 4785
4 9915 1617 4454 6653
4 6502 6515 6555 6568
4 317 1816 1862 2452
4 1255 1455 1759 1900
4 9983 3108 6081 6661
4 3441 3766 3836 6325
4 6200 6369 6855 7029
4 1913 2004 2069 2099
4 8255 9967 9992 116
4 51 606 2174 4007
4 9516 48 637 8396
4 1973 2915 3064 3693
4 484 3767 5946 6394
4 2054 3054 3481 3855
4 4366 4385 4401 4471
4 460 1565 1733 6566
4 3601 4757 5078 5185
4 1875 2027 2032 2034
4 8065 331 681 1195
4 2637 2644 2778 2865
4 4282 4383 4472 4485
4 3328 4446 5810 9292
4 3576 5629 6048 6159
4 5937 6303 6820 8041
4 4759 2286 2302 2487
4 9420 722 2217 2247
4 5738 5805 6190 6194
4 3776 6530 6573 6759
4 5109 707 755 787
4 3390 5319 5933 7054
4 6718 7004 7472 7718
4 685 1338 2397 3231
4 3440 4070 4101 4129
4 119 1016 3320 5580
4 9683 5089 6030 7548
4 114 664 1489 2275
4 779 1446 1456 1662
4 3562 4988 5105 5499
4 7358 7378 7505 7572
4 3183 4624 2197 2236
4 2667 2714 2777 2787
4 2119 2158 2263 2315
4 8281 1417 4741 5292
4 6906 2048 2258 4265
4 3061 5435 5452 5455
4 7657 9449 1222 1459
4 4654 4941 5354 5560
4 2967 5646 5669 7563
4 366 2909 3066 3070
4 7941 8217 8445 9127
4 2177 7485 7779 7846
4 282 2327 2526 2557
4 3850 3959 4934 5630
4 8844 9304 46 1068
4 8980 1397 1782 2362
4 3341 5195 6324 6943
4 262 434 4171 4881
4 4606 4745 5587 5654
4 9373 9589 247 2346
4 9481 9850 494 1910
4 3551 350 420 6712
4 4643 126 334 354
4 9743 1163 3033 5764
4 9801 91 763 865
4 1379 7698 9167 488
4 2139 3234 3289 3345
4 816 2181 2576 2605
4 3661 3725 3872 3970
4 2625 2648 2654 2735
4 4186 4223 4433 4437
4 9245 9909 107 1407
4 8057 8125 8182 8262
4 8301 7468 7685 7728
4 1921 8586 8668 8700
4 1346 2688 4583 4625
4 8983 963 5408 5421
4 6413 7535 7750 9216
4 4743 5590 5620 5999
4 2810 4424 5847 9574
4 2114 2244 2322 2338
4 4733 6764 7023 7587
4 2005 2655 3545 4432
4 2434 3814 6335 694
4 2972 6723 7207 8307
4 2414 2458 2478 2542
4 9144 9262 812 2314
4 6116 6594 7189 8457
4 1425 1486 1643 1784
4 4541 4998 5186 5555
4 8170 546 1465 1515
4 52 724 1310 1457
4 783 4722 5004 6874
4 5572 5597 5761 6013
4 5053 6665 7892 9142
4 190 1151 3462 3466
4 1545 1647 2021 2219
4 3100 3152 3377 3384
4 1123 1144 1641 1757
4 1380 1398 1828 3831
4 8055 8066 8082 8105
4 9439 9470 9503 9508
4 474 1204 6891 7628
4 9676 9731 166 223
4 9997 104 569 718
4 4665 8126 8847 469
4 2846 2930 2958 3181
4 7312 8046 8102 8249
4 6991 7021 7450 7811
4 4481 4540 4735 4827
4 7396 7428 7933 8184
4 748 4257 8444 8459
4 667 1689 2734 3848
4 4189 4304 4348 4395
4 9482 9951 705 856
4 7035 7182 7348 7705
4 2830 3666 3706 3726
4 8892 8943 8949 8953
4 8885 9185 9290 9334
4 6878 6980 8024 8226
4 5735 5971 5976 6597
4 7560 4707 5750 5765
4 7044 7277 7328 7435
4 3751 3435 3461 4008
4 6916 9435 4295 5031
4 3627 3957 4159 4364
4 8704 4626 4719 4755
4 216 2419 3040 7506
4 9740 9898 454 506
4 4800 4803 4869 4897
4 3403 4162 4834 5465
4 5372 5403 5818 5878
4 679 1088 1905 2360
4 4862 4878 4915 4984
4 1309 2341 2853 2986
4 7879 1482 2863 5656
4 1306 4548 4795 4923
4 4530 9515 710 731
4 9460 1739 3436 3550
4 3659 3960 3979 4021
4 1007 1033 1051 1246
4 8140 9277 501 1537
4 1760 3599 4510 5402
4 5565 8621 8809 8884
4 6164 6214 6250 6287
4 455 1933 3820 5775
4 9940 4476 4815 4836
4 2666 3758 5063 5468
4 2748 3923 6135 7269
4 879 897 933 966
4 1468 1676 2078 2321
4 5385 7641 7774 1790
4 7769 7955 2816 2833
4 3430 3548 3568 3569
4 810 1990 2208 3483
4 7762 7767 7836 7837
4 492 1066 2182 2188
4 5984 6295 6422 6461
4 1451 6333 8122 8830
4 8111 4566 6504 8077
4 100 1539 1660 2248
4 92 1244 1387 1842
4 8512 8574 9445 99
4 762 1659 4528 4587
4 5216 5664 6601 6626
4 2261 3565 5087 5114
4 9845 1052 2090 5285
4 6271 6795 8490 8971
4 6092 6217 6475 6523
4 824 830 841 878
4 3943 4784 5670 5706
4 5953 5988 6032 6080
4 4799 9058 9279 9442
4 8121 8587 9782 15
4 8188 8481 8765 8782
4 8843 2071 7605 7612
4 5679 5826 5857 6004
4 6115 8146 284 601
4 6408 6722 9388 73
4 497 2445 2494 2534
4 5707 3974 3976 3982
4 8071 2339 3465 3468
4 5334 5507 5562 5647
4 1666 7723 8294 8664
4 6872 9938 36 259
4 5708 6061 6238 6241
4 3294 4207 4497 5116
4 9562 975 2214 5935
4 9587 1779 4105 4820
4 8710 9760 4037 5743
4 7282 9497 9531 9598
4 914 1500 2588 2643
4 7619 7630 7763 7904
4 6807 8475 2262 2409
4 6103 6936 8029 8280
4 8350 8538 8575 1367
4 1991 2031 2145 2187
4 8705 6658 6908 6926
4 943 2449 3260 3358
4 2037 1242 1269 1324
4 4580 4908 5092 5228
4 3900 8497 9193 9219
4 2779 5269 5425 8151
4 4608 7806 3605 3650
4 1291 1314 1390 1419
4 7448 7589 9381 9567
4 932 1017 1719 1940
4 436 1349 1449 3301
4 665 699 813 913
4 4831 4872 4905 5143
4 3571 3682 3755 3815
4 2491 2753 2760 2767
4 7722 7784 7865 7940
4 3856 3920 3925 3952
4 732 6768 6786 6790
4 6165 7070 7107 7317
4 9777 2092 2332 3207
4 4081 4111 4180 4418
4 563 1011 1280 1370
4 1950 2519 2945 3081
4 2366 2507 3094 3342
4 8096 8192 8914 9287
4 880 1041 4117 5021
4 6736 7680 7790 8092
4 1736 5258 8120 8787
4 1368 7301 7772 8060
4 742 7831 7935 8175
4 6136 8560 9199 390
4 4130 4181 4378 4590
4 991 1038 1098 1150
4 4864 5033 5326 5684
4 2131 6652 7046 9153
4 1927 1968 2093 2150
4 9757 309 4507 5780
4 3713 3779 3946 3967
4 817 3277 5165 7708
4 2704 2725 2821 2914
4 1798 1863 1887 1906
4 9889 1421 7487 7773
4 416 672 2678 2708
4 3998 4051 4336 4362
4 167 5704 5716 5843
4 3981 5364 7126 7644
4 1193 1334 4045 4569
4 246 929 1420 2317
4 205 1108 1792 1938
4 1145 6888 7497 7519
4 7679 9610 256 2142
4 1034 2979 3013 3067
4 4039 4068 4118 4125
4 2053 2135 2256 2387
4 8448 8460 8482 8484
4 3948 6067 8598 9163
4 2273 4347 6399 7446
4 775 6886 8896 9756
4 9417 9494 3230 4462
4 8194 9136 9306 9378
4 2845 2923 3116 3642
4 357 6625 7295 7403
4 1769 1785 2670 2721
4 5506 5567 5645 5648
4 3139 8317 8369 8483
4 2482 8178 9668 1264
4 6978 6979 6995 7006
4 8926 8973 8974 9040
4 42 495 788 3236
4 5000 6552 7908 8169
4 232 265 2755 4049
4 8218 8225 8404 9517
4 4586 5695 6437 790
4 9653 1125 3432 5519
4 2194 4121 4128 4368
4 6084 9441 882 1257
4 1005 2528 3575 4470
4 7482 2820 2938 2960
4 2904 3778 4072 4276
4 6138 6469 8910 8989
4 7053 7073 7575 8033
4 2801 2856 2926 2965
4 3733 3740 3805 3921
4 1294 4499 4900 6646
4 7754 8088 8378 8427
4 7082 7338 8840 9169
4 4849 5248 5374 5737
4 1156 1373 1631 1894
4 6318 6349 6424 6486
4 5500 8414 1365 1375
4 5795 5827 6292 7303
4 3486 4568 5290 5520
4 9738 9824 1300 2975
4 1262 1771 2063 4459
4 6775 7169 8362 8916
4 9640 9878 9939 9947
4 5016 5759 6267 6867
4 386 754 1075 1644
4 5411 6910 6911 6966
4 8920 9925 5858 5934
4 4825 4991 5025 5075
4 3086 7867 7869 7874
4 3160 4303 592 702
4 2524 2679 2984 2995
4 5662 5667 5677 5687
4 9916 9980 368 528
4 5414 6433 7114 7226
4 3304 4382 7930 8051
4 3305 3351 3514 3594
4 792 5142 5226 6934
4 761 6145 6521 9518
4 744 1186 1675 5711
4 1391 1773 3243 5130
4 8976 9080 9189 9315
4 8428 8467 9012 9228
4 1019 1240 7676 7816
4 6001 6251 6362 6895
4 176 2561 4683 5012
4 286 3703 6955 7027
4 9874 9956 26 79
4 743 1342 1463 1752
4 9308 9998 539 1112
4 5348 8296 1327 2460
4 704 5433 6047 7263
4 5757 9170 650 670
4 807 843 852 873
4 1604 6091 6641 8421
4 7976 946 7537 7601
4 1493 2017 2132 2455
4 1592 3510 3512 3520
4 8207 8403 9953 1072
4 758 2347 7161 7173
4 9395 135 1025 1185
4 2454 2622 2788 3073
4 600 4539 8480 9257
4 2276 5318 6941 9827
4 8208 696 1064 1709
4 9242 9335 9654 9688
4 4015 4310 4350 4593
4 1215 1232 1394 1680
4 5394 5447 5571 5650
4 6207 6667 6883 6954
4 3931 4086 4673 4812
4 2764 3252 3858 5475
4 4152 4201 4253 4302
4 8234 8271 8315 8622
4 8018 8285 8358 8385
4 7635 7691 7702 7707
4 112 4319 8324 8351
4 212 2440 2496 2501
4 6440 9547 9729 9835
4 5344 5405 5459 5673
4 9110 90 98 105
4 8706 9412 9541 9817
4 7191 7193 7280 7294
4 5930 6204 6729 7244
4 920 1143 2617 3098
4 7998 8583 3373 3554
4 7028 8623 1028 3764
4 2404 2593 5291 6987
4 9798 1243 2635 3296
4 2151 2640 2871 3603
4 276 327 330 426
4 9579 2818 2880 3456
4 3986 4067 4096 4212
4 3250 547 548 552
4 64 295 3964 4003
4 6327 7650 8191 9353
4 1896 1914 1916 2041
4 1957 5709 6181 9088
4 8691 9581 1651 1879
4 9103 9405 9455 9707
4 5866 9401 207 389
4 391 1303 2568 2774
4 6889 8550 9389 9432
4 9989 2109 2917 4243
4 1293 2613 2616 2624
4 3206 3285 3378 3460
4 692 3005 3034 3093
4 8515 8518 8531 8630
4 2684 4017 8005 8680
4 1458 7582 7609 7720
4 2178 2374 6108 6442
4 8025 543 595 1520
4 4603 8069 8619 9467
4 7297 7747 8162 8476
4 6347 6575 6587 6588
4 5367 7213 7860 8869
4 599 624 646 647
4 9202 345 2800 5300
4 3999 4140 1791 1797
4 6360 6710 7034 7452
4 1966 6346 6376 6439
4 3163 3166 3182 3200
4 5230 1312 2392 2403
4 7376 8300 8678 9109
4 2183 2650 3065 5963
4 5626 6898 8825 9607
4 5112 8795 9061 2971
4 5139 5762 6276 9093
4 4029 2284 2306 2312
